6 6:
(0,0)(2,1)(4,0)(5,2)(4,4)(2,3)
(0,4)(2,5)(1,3)(0,5)(2,4)(4,5)
(5,3)(3,2)(5,1)(3,0)(1,1)(0,3)
(1,5)(3,4)(5,5)(4,3)(3,1)(5,0)
(4,2)(5,4)(3,5)(1,4)(0,2)(1,0)
(2,2)(0,1)(2,0)(4,1)(3,3)(1,2)

1 32 29 18 7 10 
30 17 36 9 28 19 
33 2 31 6 11 8 
16 23 14 35 20 27 
3 34 25 22 5 12 
24 15 4 13 26 21 

8 6:
(0,0)(2,1)(1,3)(0,5)(2,4)(4,3)
(3,5)(1,4)(0,2)(1,0)(3,1)(5,2)
(7,1)(5,0)(4,2)(5,4)(7,5)(6,3)
(4,4)(3,2)(4,0)(6,1)(7,3)(6,5)
(5,3)(4,5)(6,4)(7,2)(6,0)(4,1)
(2,0)(0,1)(2,2)(3,4)(5,5)(7,4)
(6,2)(7,0)(5,1)(3,0)(1,1)(0,3)
(1,5)(2,3)(0,4)(2,5)(3,3)(1,2)

1 32 9 42 45 4 
10 41 48 3 8 43 
31 2 33 44 5 46 
40 11 20 47 34 7 
21 30 15 6 19 26 
14 39 12 25 16 35 
29 22 37 18 27 24 
38 13 28 23 36 17 

8 8:
(0,0)(2,1)(4,0)(5,2)(7,1)(5,0)(3,1)(2,3)
(3,5)(4,3)(2,4)(0,5)(1,7)(3,6)(4,4)(3,2)
(2,0)(0,1)(1,3)(2,5)(4,6)(3,4)(5,5)(6,7)
(7,5)(6,3)(4,2)(5,4)(3,3)(4,1)(6,0)(7,2)
(6,4)(7,6)(5,7)(4,5)(6,6)(4,7)(2,6)(0,7)
(1,5)(2,7)(0,6)(1,4)(0,2)(1,0)(2,2)(0,3)
(1,1)(3,0)(5,1)(7,0)(6,2)(7,4)(5,3)(6,1)
(7,3)(6,5)(7,7)(5,6)(3,7)(1,6)(0,4)(1,2)

1 18 45 48 63 12 43 40 
46 49 64 19 44 41 62 13 
17 2 47 8 11 20 39 42 
50 7 16 29 22 9 14 61 
3 30 27 10 15 36 21 38 
6 51 4 55 28 23 60 35 
31 56 53 26 33 58 37 24 
52 5 32 57 54 25 34 59 

8 10:
(0,0)(1,2)(0,4)(1,6)(0,8)(2,9)(1,7)(0,9)(2,8)(4,9)
(6,8)(7,6)(6,4)(4,3)(3,5)(5,6)(4,4)(2,5)(3,7)(4,5)
(3,3)(5,2)(3,1)(2,3)(4,2)(5,0)(7,1)(6,3)(5,5)(3,4)
(2,6)(4,7)(3,9)(1,8)(0,6)(1,4)(0,2)(1,0)(2,2)(4,1)
(6,0)(7,2)(5,3)(3,2)(2,0)(0,1)(1,3)(0,5)(2,4)(3,6)
(4,8)(2,7)(4,6)(5,4)(7,5)(6,7)(7,9)(5,8)(6,6)(7,4)
(6,2)(7,0)(5,1)(3,0)(1,1)(0,3)(1,5)(0,7)(1,9)(3,8)
(5,9)(7,8)(5,7)(6,9)(7,7)(6,5)(7,3)(6,1)(4,0)(2,1)

1 46 37 66 3 48 35 68 5 8 
38 65 2 47 36 67 4 7 34 69 
45 80 39 24 49 18 31 52 9 6 
64 23 44 21 30 15 50 19 70 33 
79 40 25 14 17 20 53 32 51 10 
26 63 22 43 54 29 16 73 58 71 
41 78 61 28 13 76 59 56 11 74 
62 27 42 77 60 55 12 75 72 57 

10 8:
(0,0)(2,1)(4,0)(6,1)(8,0)(9,2)(7,1)(9,0)
(8,2)(9,4)(8,6)(6,7)(4,6)(3,4)(5,3)(6,5)
(4,4)(5,2)(7,3)(5,4)(3,3)(2,5)(1,3)(3,2)
(2,4)(0,5)(1,7)(3,6)(5,5)(4,3)(6,2)(7,4)
(9,3)(8,1)(6,0)(4,1)(2,0)(0,1)(2,2)(1,4)
(0,6)(2,7)(3,5)(2,3)(0,2)(1,0)(3,1)(5,0)
(4,2)(6,3)(8,4)(7,2)(6,4)(4,5)(5,7)(7,6)
(9,7)(8,5)(6,6)(4,7)(2,6)(0,7)(1,5)(0,3)
(1,1)(3,0)(5,1)(7,0)(9,1)(8,3)(9,5)(8,7)
(7,5)(9,6)(7,7)(5,6)(3,7)(1,6)(0,4)(1,2)

1 38 45 64 79 26 41 62 
46 65 80 23 40 63 78 27 
37 2 39 44 25 22 61 42 
66 47 24 21 14 43 28 77 
3 36 49 30 17 54 13 60 
48 67 18 15 20 29 76 55 
35 4 31 50 53 16 59 12 
68 7 52 19 32 73 56 75 
5 34 9 70 51 58 11 72 
8 69 6 33 10 71 74 57 

10 10:
(0,0)(2,1)(4,0)(6,1)(8,0)(9,2)(7,1)(9,0)(8,2)(9,4)
(8,6)(9,8)(7,9)(8,7)(9,9)(7,8)(9,7)(8,9)(6,8)(4,9)
(2,8)(0,9)(1,7)(3,6)(4,4)(5,2)(3,3)(4,5)(2,6)(1,4)
(3,5)(4,7)(6,6)(5,4)(6,2)(7,4)(5,3)(4,1)(6,0)(7,2)
(6,4)(4,3)(5,5)(3,4)(4,6)(5,8)(3,9)(2,7)(1,9)(0,7)
(1,5)(2,3)(0,2)(1,0)(3,1)(5,0)(4,2)(6,3)(8,4)(7,6)
(9,5)(8,3)(9,1)(7,0)(5,1)(3,0)(2,2)(0,1)(2,0)(3,2)
(1,1)(0,3)(2,4)(0,5)(1,3)(2,5)(0,6)(1,8)(3,7)(5,6)
(7,5)(6,7)(5,9)(3,8)(5,7)(6,5)(7,3)(8,1)(9,3)(8,5)
(7,7)(9,6)(8,8)(6,9)(4,8)(2,9)(0,8)(1,6)(0,4)(1,2)

1 68 53 72 99 74 77 50 97 22 
54 71 100 75 30 51 98 23 78 49 
69 2 67 52 73 76 29 48 21 96 
66 55 70 27 44 31 24 79 84 47 
3 38 57 42 25 28 45 32 95 20 
56 65 26 37 34 43 80 85 46 83 
39 4 35 58 41 86 33 82 19 94 
64 7 40 87 36 81 60 91 16 13 
5 88 9 62 59 90 11 14 93 18 
8 63 6 89 10 61 92 17 12 15 

10 12:
(0,0)(1,2)(2,0)(0,1)(1,3)(0,5)(1,7)(0,9)(1,11)(3,10)(5,11)(7,10)
(9,11)(8,9)(9,7)(8,5)(9,3)(8,1)(7,3)(5,4)(6,6)(7,4)(5,5)(4,7)
(2,6)(4,5)(3,7)(1,8)(3,9)(5,8)(7,9)(6,7)(4,8)(5,10)(6,8)(7,6)
(5,7)(4,9)(2,8)(3,6)(2,4)(1,6)(3,5)(4,3)(6,4)(5,6)(4,4)(3,2)
(5,3)(7,2)(5,1)(6,3)(8,4)(6,5)(7,7)(9,8)(8,6)(7,8)(5,9)(3,8)
(4,6)(3,4)(4,2)(2,3)(0,4)(2,5)(3,3)(1,4)(0,6)(2,7)(0,8)(1,10)
(3,11)(2,9)(0,10)(2,11)(4,10)(6,11)(8,10)(6,9)(7,11)(9,10)(8,8)(9,6)
(7,5)(9,4)(8,2)(9,0)(7,1)(9,2)(8,0)(6,1)(4,0)(5,2)(6,0)(4,1)
(2,2)(3,0)(1,1)(0,3)(1,5)(0,7)(1,9)(0,11)(2,10)(4,11)(6,10)(8,11)
(9,9)(8,7)(9,5)(8,3)(9,1)(7,0)(6,2)(5,0)(3,1)(1,0)(0,2)(2,1)

1 4 119 100 65 6 69 102 71 8 75 104 
118 99 2 5 68 101 42 7 28 103 72 9 
3 120 97 64 41 66 25 70 39 74 105 76 
98 117 48 67 62 43 40 27 60 29 10 73 
93 96 63 44 47 26 61 24 33 38 77 106 
116 51 94 49 20 23 46 37 30 59 34 11 
95 92 115 52 45 54 21 32 35 80 107 78 
114 89 50 19 22 85 36 55 58 31 12 81 
91 18 87 112 53 16 57 110 83 14 79 108 
88 113 90 17 86 111 84 15 56 109 82 13 

12 10:
(0,0)(2,1)(0,2)(1,0)(3,1)(5,0)(7,1)(9,0)(11,1)(10,3)
(11,5)(10,7)(11,9)(9,8)(7,9)(5,8)(3,9)(1,8)(3,7)(4,5)
(6,6)(4,7)(5,5)(7,4)(6,2)(5,4)(7,3)(8,1)(9,3)(8,5)
(9,7)(7,6)(8,4)(10,5)(8,6)(6,7)(7,5)(9,4)(8,2)(6,3)
(4,2)(6,1)(5,3)(3,4)(4,6)(6,5)(4,4)(2,3)(3,5)(2,7)
(1,5)(3,6)(4,8)(5,6)(7,7)(8,9)(6,8)(8,7)(9,5)(8,3)
(6,4)(4,3)(2,4)(3,2)(4,0)(5,2)(3,3)(4,1)(6,0)(7,2)
(8,0)(10,1)(11,3)(9,2)(10,0)(11,2)(10,4)(11,6)(10,8)(9,6)
(11,7)(10,9)(8,8)(6,9)(5,7)(4,9)(2,8)(0,9)(1,7)(2,9)
(0,8)(1,6)(0,4)(2,5)(0,6)(1,4)(2,2)(0,3)(1,1)(3,0)
(5,1)(7,0)(9,1)(11,0)(10,2)(11,4)(10,6)(11,8)(9,9)(7,8)
(5,9)(3,8)(1,9)(0,7)(2,6)(0,5)(1,3)(0,1)(2,0)(1,2)

1 118 3 98 93 116 95 114 91 88 
4 99 120 117 96 51 92 89 18 113 
119 2 97 48 63 94 115 50 87 90 
100 5 64 67 44 49 52 19 112 17 
65 68 41 62 47 20 45 22 53 86 
6 101 66 43 26 23 54 85 16 111 
69 42 25 40 61 46 21 36 57 84 
102 7 70 27 24 37 32 55 110 15 
71 28 39 60 33 30 35 58 83 56 
8 103 74 29 38 59 80 31 14 109 
75 72 105 10 77 34 107 12 79 82 
104 9 76 73 106 11 78 81 108 13 

12 12:
(0,0)(2,1)(4,0)(5,2)(4,4)(2,3)(0,4)(2,5)(1,3)(0,5)(2,4)(4,5)
(3,7)(4,9)(5,11)(3,10)(1,11)(0,9)(1,7)(3,6)(5,7)(3,8)(5,9)(4,11)
(2,10)(0,11)(1,9)(2,11)(0,10)(2,9)(4,10)(5,8)(4,6)(2,7)(0,6)(1,8)
(3,9)(4,7)(2,6)(0,7)(2,8)(1,6)(0,8)(1,10)(3,11)(5,10)(4,8)(5,6)
(6,8)(7,10)(9,11)(11,10)(10,8)(11,6)(9,7)(10,9)(11,11)(9,10)(7,11)(6,9)
(7,7)(9,6)(11,7)(9,8)(11,9)(10,11)(8,10)(6,11)(7,9)(8,11)(6,10)(8,9)
(10,10)(11,8)(10,6)(8,7)(6,6)(7,8)(9,9)(10,7)(8,6)(6,7)(8,8)(7,6)
(8,4)(10,5)(11,3)(9,2)(11,1)(9,0)(7,1)(6,3)(7,5)(9,4)(11,5)(10,3)
(9,1)(11,0)(10,2)(11,4)(9,5)(7,4)(6,2)(7,0)(8,2)(6,1)(8,0)(10,1)
(9,3)(7,2)(6,0)(8,1)(10,0)(11,2)(10,4)(8,3)(6,4)(8,5)(7,3)(6,5)
(5,3)(3,2)(5,1)(3,0)(1,1)(0,3)(1,5)(3,4)(5,5)(4,3)(3,1)(5,0)
(4,2)(5,4)(3,5)(1,4)(0,2)(1,0)(2,2)(0,1)(2,0)(4,1)(3,3)(1,2)

1 140 137 126 7 10 35 40 43 18 29 26 
138 125 144 9 136 127 42 19 36 27 44 17 
141 2 139 6 11 8 39 34 41 30 25 28 
124 131 122 143 128 135 20 13 22 37 16 45 
3 142 133 130 5 12 33 38 47 14 31 24 
132 123 4 121 134 129 48 21 32 23 46 15 
111 106 103 92 117 120 77 82 49 60 71 68 
104 91 110 119 102 93 84 61 78 69 50 59 
107 112 105 116 85 118 81 76 83 72 67 70 
90 97 88 109 94 101 62 55 64 79 58 51 
113 108 99 96 115 86 75 80 53 56 73 66 
98 89 114 87 100 95 54 63 74 65 52 57 

